92
76
135
68
264
150
91
47
108
74
72
165
202
89
255
205
161
66
73
10
228
182
154
171
114
46
88
146
35
40
168
20
221
27
106
147
159
218
15
30
173
22
60
21
212
250
158
241
61
42
49
240
53
84
117
125
231
109
195
13
2
37
223
249
97
41
78
191
206
58
137
162
55
260
36
248
219
82
24
188
235
242
197
217
257
75
52
120
86
33
210
11
220
189
18
100
215
93
51
83
29
134
152
234
194
112
131
262
123
198
7
38
176
138
209
69
34
39
63
122
253
44
226
143
167
71
175
258
124
216
244
166
133
95
190
98
17
80
192
3
140
102
259
232
14
193
185
1
245
179
25
170
169
127
5
107
230
200
163
181
252
208
128
136
164
263
32
187
236
56
4
31
196
156
116
246
70
90
8
111
6
132
144
207
96
121
184
186
229
233
153
172
79
254
211
183
23
238
265
201
145
239
65
28
139
85
67
115
16
54
151
243
227
222
26
261
129
141
45
43
62
224
203
64
77
178
94
160
180
174
148
126
142
214
59
157
247
177
149
50
113
256
57
118
9
237
19
155
119
87
101
251
110
130
81
225
48
213
12