5
81
83
130
157
133
20
57
128
167
208
139
14
35
67
166
260
163
19
112
24
97
244
264
153
231
56
1
78
121
214
252
164
79
113
71
206
3
33
47
196
257
192
178
31
52
65
94
210
98
158
62
132
160
100
233
25
75
198
212
144
211
191
142
134
168
193
201
228
243
137
156
44
241
140
109
15
213
226
106
240
245
122
127
229
64
181
247
248
68
46
50
21
48
84
145
222
176
224
43
61
116
152
234
17
34
114
217
227
143
216
259
141
180
87
95
102
108
131
165
4
149
162
11
60
63
70
177
107
148
42
49
51
92
138
190
195
223
32
16
40
82
91
159
179
250
232
9
22
170
230
246
37
39
169
265
54
202
161
136
184
186
220
238
66
93
197
125
115
7
72
119
154
185
207
218
6
29
124
173
101
209
99
2
45
69
117
126
129
225
263
18
135
219
205
27
251
182
189
215
194
120
221
73
253
256
183
187
151
235
111
58
36
41
53
80
89
147
236
59
77
86
55
155
188
200
258
74
150
175
203
88
28
76
96
171
38
13
23
26
85
90
8
123
118
172
262
239
261
237
146
174
254
30
10
242
255
249